dataset/positive/IMG_3916.JPG 2 857 1536 2560 2690 668 1458 3047 2977
dataset/positive/IMG_3917.JPG 2 1165 1562 1733 1934 996 1339 2129 2348
dataset/positive/IMG_3921.JPG 2 1318 1082 1700 1874 1091 892 2143 2190
dataset/positive/IMG_3922.JPG 2 1180 1259 591 690 1086 1191 763 856
dataset/positive/IMG_3924.JPG 2 1825 1415 1133 1261 1596 1258 1529 1567
dataset/positive/IMG_3925.JPG 2 1865 1622 920 987 1734 1501 1167 1205
dataset/positive/IMG_3928.JPG 2 1494 1470 1371 1382 1368 1301 1619 1753
dataset/positive/IMG_3929.JPG 2 771 2000 1011 1105 715 1906 1200 1286
dataset/positive/IMG_3930.JPG 2 711 672 1304 1337 603 584 1464 1493
dataset/positive/IMG_3931.JPG 2 961 1034 1200 1271 899 967 1368 1470
dataset/positive/IMG_3932.JPG 2 1518 1729 1253 1259 1377 1625 1572 1510
dataset/positive/IMG_3933.JPG 2 1441 1358 1536 1718 1410 1320 1605 1772
dataset/positive/IMG_3935.JPG 1 1147 770 1759 1859
dataset/positive/IMG_3936.JPG 1 1335 1311 1483 1659
dataset/positive/IMG_3937.JPG 1 1247 1211 1859 1959
dataset/positive/IMG_3938.JPG 2 1265 1841 1188 1270 1215 1754 1386 1447
dataset/positive/IMG_3975.JPG 2 835 1117 1547 2112 725 1068 1685 2171
dataset/positive/IMG_3976.JPG 1 718 1635 2794 2176
dataset/positive/IMG_3977.JPG 2 277 2000 2464 2152 291 1882 2515 2262
dataset/positive/IMG_3978.JPG 2 618 1117 2459 3424 596 968 2391 3552
dataset/positive/IMG_3979.JPG 2 1212 658 1841 3047 825 711 2257 3043
dataset/positive/IMG_3980.JPG 2 112 2664 2535 2300 115 2501 2548 2848
dataset/positive/IMG_3981.JPG 2 153 559 2596 2450 133 407 2621 2764
dataset/positive/IMG_3982.JPG 2 529 364 3153 3253 610 301 3034 3648
dataset/positive/IMG_3983.JPG 2 953 788 2588 2159 858 696 2752 2367
dataset/positive/IMG_3984.JPG 2 1271 1000 1688 2929 1039 1001 1991 3000
dataset/positive/IMG_3985.JPG 2 388 1794 2530 2888 53 1796 3015 3315
dataset/positive/IMG_3986.JPG 2 557 1284 2146 2009 543 1264 2037 2113
dataset/positive/IMG_3987.JPG 2 90 493 2196 2821 189 424 2111 2890
dataset/positive/IMG_3988.JPG 2 311 101 1788 3058 1 51 2303 3083
dataset/positive/IMG_3989.JPG 2 271 1764 2900 2988 106 1768 3152 2962
dataset/positive/IMG_3990.JPG 2 253 841 3312 3517 210 844 3243 3648
dataset/positive/IMG_3991.JPG 1 328 555 2412 2154
dataset/positive/IMG_3992.JPG 1 929 400 3142 3488
dataset/positive/IMG_3993.JPG 2 712 423 2776 3918 396 368 3210 4052
dataset/positive/IMG_3994.JPG 2 524 1364 2923 2453 406 1377 2962 2510
dataset/positive/IMG_3995.JPG 2 253 1182 2518 2788 339 954 2362 3200
dataset/positive/IMG_3996.JPG 2 465 959 1759 2542 446 921 1818 2583
dataset/positive/IMG_3997.JPG 2 694 1623 3394 3265 682 1568 3533 3390
dataset/positive/IMG_3998.JPG 1 371 1194 2753 3311
dataset/positive/IMG_3999.JPG 2 265 1900 2376 2917 49 1854 2623 2966
dataset/positive/IMG_4001.JPG 2 839 1192 2491 2328 758 1135 2748 2585
dataset/positive/IMG_4002.JPG 1 344 992 3076 2762
dataset/positive/IMG_4003.JPG 1 1268 1725 1804 2329
dataset/positive/IMG_4004.JPG 1 668 1344 3142 3162
dataset/positive/IMG_4005.JPG 2 276 1064 2131 2117 249 1057 2355 2267
dataset/positive/IMG_4006.JPG 2 1053 1025 2410 3467 796 1011 2691 3419
dataset/positive/IMG_4007.JPG 1 225 1344 3133 2343
dataset/positive/IMG_4008.JPG 2 276 1127 1868 2120 269 1024 1875 2237
dataset/positive/IMG_4009.JPG 2 323 1004 1791 2703 353 984 1904 2727
dataset/positive/IMG_4010.JPG 2 299 1374 2235 2400 269 1341 2651 2520
dataset/positive/IMG_4011.JPG 2 391 1649 2600 2995 420 1635 3005 3314
dataset/positive/IMG_4012.JPG 2 634 830 2143 3990 68 854 2628 3800
dataset/positive/IMG_4013.JPG 2 544 1911 2533 2576 372 1925 2796 2648
dataset/positive/IMG_4014.JPG 1 58 2020 2181 2348
dataset/positive/IMG_4015.JPG 2 134 1792 3119 2657 91 1501 3243 3029
dataset/positive/IMG_4016.JPG 1 82 1501 3033 3376
dataset/positive/IMG_4017.JPG 2 849 1211 2200 3419 758 1182 2200 3362
dataset/positive/IMG_4021.JPG 2 491 2420 2572 2195 377 2263 2748 2443
dataset/positive/IMG_4022.JPG 2 234 2077 2024 2115 268 1958 2009 2467
dataset/positive/IMG_4023.JPG 2 215 2030 2472 2509 191 1987 2396 2700
dataset/positive/IMG_4024.JPG 1 468 2277 2423 2538
dataset/positive/IMG_4025.JPG 2 953 1535 2357 2809 939 1558 2843 2862
dataset/positive/IMG_4026.JPG 2 263 1039 2500 3334 72 1035 2658 3252
dataset/positive/IMG_4027.JPG 2 977 1182 2224 2767 810 1206 2543 2700
dataset/positive/IMG_4028.JPG 1 1444 725 2809 2629
dataset/positive/IMG_4029.JPG 1 477 1801 2300 2405
dataset/positive/IMG_4030.JPG 2 315 635 2172 2538 277 611 2433 2609
dataset/positive/IMG_4031.JPG 2 420 1273 2981 2185 368 1163 3066 2295
dataset/positive/IMG_4034.JPG 2 1139 649 2014 2809 1210 596 2053 2839
dataset/positive/IMG_4035.JPG 1 415 1644 3215 2305
dataset/positive/IMG_4036.JPG 2 739 1420 1748 2143 915 1411 1634 2333
dataset/positive/IMG_4037.JPG 1 549 1549 2461 2800
dataset/positive/IMG_4038.JPG 2 634 1568 2481 2238 658 1539 2686 2343
dataset/positive/IMG_4039.JPG 2 715 2620 2000 1972 720 2377 2067 2334
dataset/positive/IMG_4040.JPG 2 1191 768 2505 3052 1087 658 2504 3200
dataset/positive/IMG_4041.JPG 2 320 692 2652 2881 444 654 2528 3157
dataset/positive/IMG_4042.JPG 1 456 1431 2054 2106
dataset/positive/IMG_4043.JPG 1 382 1292 2928 3009
dataset/positive/IMG_4044.JPG 2 658 1273 2752 1738 634 1139 2691 1881
